step length   div_f1        error       div_f2           error
      1     0.222781     0.110553     0.392699       0.0593657
    0.1      0.31822    0.0151135     0.333951     0.000617363
   0.01     0.331768   0.00156519      0.33334    6.17285e-006
  0.001     0.333176  0.000157073     0.333333    6.17284e-008
 0.0001     0.333318 1.57129e-005     0.333333    6.17247e-010
 1e-005     0.333332 1.57134e-006     0.333333    7.73487e-012
 1e-006     0.333333 1.57161e-007     0.333333    8.91848e-012
 1e-007     0.333333 1.57186e-008     0.333333    1.75452e-010
 1e-008     0.333333 5.72657e-009     0.333333    5.72657e-009
 1e-010     0.333333 2.75801e-008     0.333333    2.75801e-008
